#       t           dt       volume      current         Etot     E_adv_in      E_tc_in
0.000000e+00 1.000000e-02 1.914876e-02 0.000000e+00 2.029951e+03 0.000000e+00 0.000000e+00
1.000000e-01 1.000000e-02 1.914876e-02 0.000000e+00 2.029951e+03 0.000000e+00 3.443765e-11
2.000000e-01 1.000000e-02 1.914876e-02 0.000000e+00 2.029951e+03 0.000000e+00 6.866869e-11
3.000000e-01 1.000000e-02 1.914876e-02 0.000000e+00 2.029951e+03 0.000000e+00 1.026939e-10
4.000000e-01 1.000000e-02 1.914876e-02 0.000000e+00 2.029951e+03 0.000000e+00 1.365130e-10
5.000000e-01 1.000000e-02 1.914876e-02 0.000000e+00 2.029951e+03 0.000000e+00 1.701261e-10
6.000000e-01 1.000000e-02 1.914876e-02 0.000000e+00 2.029951e+03 0.000000e+00 2.035337e-10
7.000000e-01 1.000000e-02 1.914876e-02 0.000000e+00 2.029951e+03 0.000000e+00 2.367341e-10
8.000000e-01 1.000000e-02 1.914876e-02 0.000000e+00 2.029951e+03 0.000000e+00 2.697292e-10
9.000000e-01 1.000000e-02 1.914876e-02 0.000000e+00 2.029951e+03 0.000000e+00 3.025191e-10
1.000000e+00 1.000000e-02 1.914876e-02 0.000000e+00 2.029951e+03 0.000000e+00 3.351024e-10
1.100000e+00 1.000000e-02 1.914876e-02 0.000000e+00 2.029951e+03 0.000000e+00 3.674789e-10
1.200000e+00 1.000000e-02 1.914876e-02 0.000000e+00 2.029951e+03 0.000000e+00 3.996491e-10
1.300000e+00 1.000000e-02 1.914876e-02 0.000000e+00 2.029951e+03 0.000000e+00 4.316168e-10
1.400000e+00 1.000000e-02 1.914876e-02 0.000000e+00 2.029951e+03 0.000000e+00 4.633902e-10
1.500000e+00 1.000000e-02 1.914876e-02 0.000000e+00 2.029951e+03 0.000000e+00 4.949753e-10
1.600000e+00 1.000000e-02 1.914876e-02 0.000000e+00 2.029951e+03 0.000000e+00 5.263814e-10
1.700000e+00 1.000000e-02 1.914876e-02 0.000000e+00 2.029951e+03 0.000000e+00 5.576082e-10
1.800000e+00 1.000000e-02 1.914876e-02 0.000000e+00 2.029951e+03 0.000000e+00 5.886557e-10
1.900000e+00 1.000000e-02 1.914876e-02 0.000000e+00 2.029951e+03 0.000000e+00 6.195245e-10
2.000000e+00 1.000000e-02 1.914876e-02 0.000000e+00 2.029951e+03 0.000000e+00 6.502138e-10
2.100000e+00 1.000000e-02 1.914876e-02 0.000000e+00 2.029951e+03 0.000000e+00 6.807236e-10
2.200000e+00 1.000000e-02 1.914876e-02 0.000000e+00 2.029951e+03 0.000000e+00 7.110543e-10
2.300000e+00 1.000000e-02 1.914876e-02 0.000000e+00 2.029951e+03 0.000000e+00 7.412060e-10
2.400000e+00 1.000000e-02 1.914876e-02 0.000000e+00 2.029951e+03 0.000000e+00 7.711783e-10
2.500000e+00 1.000000e-02 1.914876e-02 0.000000e+00 2.029951e+03 0.000000e+00 8.009711e-10
2.600000e+00 1.000000e-02 1.914876e-02 0.000000e+00 2.029951e+03 0.000000e+00 8.305841e-10
2.700000e+00 1.000000e-02 1.914876e-02 0.000000e+00 2.029951e+03 0.000000e+00 8.600175e-10
2.800000e+00 1.000000e-02 1.914876e-02 0.000000e+00 2.029951e+03 0.000000e+00 8.892723e-10
2.900000e+00 1.000000e-02 1.914876e-02 0.000000e+00 2.029951e+03 0.000000e+00 9.183480e-10
3.000000e+00 1.000000e-02 1.914876e-02 0.000000e+00 2.029951e+03 0.000000e+00 9.472446e-10
3.100000e+00 1.000000e-02 1.914876e-02 0.000000e+00 2.029951e+03 0.000000e+00 9.759631e-10
3.200000e+00 1.000000e-02 1.914876e-02 0.000000e+00 2.029951e+03 0.000000e+00 1.004508e-09
3.300000e+00 1.000000e-02 1.914876e-02 0.000000e+00 2.029951e+03 0.000000e+00 1.032888e-09
3.400000e+00 1.000000e-02 1.914876e-02 0.000000e+00 2.029951e+03 0.000000e+00 1.061106e-09
3.500000e+00 1.000000e-02 1.914876e-02 0.000000e+00 2.029951e+03 0.000000e+00 1.089171e-09
3.600000e+00 1.000000e-02 1.914876e-02 0.000000e+00 2.029951e+03 0.000000e+00 1.117086e-09
3.700000e+00 1.000000e-02 1.914876e-02 0.000000e+00 2.029951e+03 0.000000e+00 1.144851e-09
3.800000e+00 1.000000e-02 1.914876e-02 0.000000e+00 2.029951e+03 0.000000e+00 1.172466e-09
3.900000e+00 1.000000e-02 1.914876e-02 0.000000e+00 2.029951e+03 0.000000e+00 1.199931e-09
4.000000e+00 1.000000e-02 1.914876e-02 0.000000e+00 2.029951e+03 0.000000e+00 1.227247e-09
4.100000e+00 1.000000e-02 1.914876e-02 0.000000e+00 2.029951e+03 0.000000e+00 1.254413e-09
4.200000e+00 1.000000e-02 1.914876e-02 0.000000e+00 2.029951e+03 0.000000e+00 1.281429e-09
4.300000e+00 1.000000e-02 1.914876e-02 0.000000e+00 2.029951e+03 0.000000e+00 1.308296e-09
4.400000e+00 1.000000e-02 1.914876e-02 0.000000e+00 2.029951e+03 0.000000e+00 1.335012e-09
4.500000e+00 1.000000e-02 1.914876e-02 0.000000e+00 2.029951e+03 0.000000e+00 1.361579e-09
4.600000e+00 1.000000e-02 1.914876e-02 0.000000e+00 2.029951e+03 0.000000e+00 1.387996e-09
4.700000e+00 1.000000e-02 1.914876e-02 0.000000e+00 2.029951e+03 0.000000e+00 1.414264e-09
4.800000e+00 1.000000e-02 1.914876e-02 0.000000e+00 2.029951e+03 0.000000e+00 1.440381e-09
4.900000e+00 1.000000e-02 1.914876e-02 0.000000e+00 2.029951e+03 0.000000e+00 1.466350e-09
5.000000e+00 1.000000e-02 1.914876e-02 0.000000e+00 2.029951e+03 0.000000e+00 1.492168e-09
5.100000e+00 1.000000e-02 1.914876e-02 0.000000e+00 2.029951e+03 0.000000e+00 1.517838e-09
5.200000e+00 1.000000e-02 1.914876e-02 0.000000e+00 2.029951e+03 0.000000e+00 1.543360e-09
5.300000e+00 1.000000e-02 1.914876e-02 0.000000e+00 2.029951e+03 0.000000e+00 1.568733e-09
5.400000e+00 1.000000e-02 1.914876e-02 0.000000e+00 2.029951e+03 0.000000e+00 1.593959e-09
5.500000e+00 1.000000e-02 1.914876e-02 0.000000e+00 2.029951e+03 0.000000e+00 1.619044e-09
5.600000e+00 1.000000e-02 1.914876e-02 0.000000e+00 2.029951e+03 0.000000e+00 1.643995e-09
5.700000e+00 1.000000e-02 1.914876e-02 0.000000e+00 2.029951e+03 0.000000e+00 1.668811e-09
5.800000e+00 1.000000e-02 1.914876e-02 0.000000e+00 2.029951e+03 0.000000e+00 1.693494e-09
5.900000e+00 1.000000e-02 1.914876e-02 0.000000e+00 2.029951e+03 0.000000e+00 1.718053e-09
6.000000e+00 1.000000e-02 1.914876e-02 0.000000e+00 2.029951e+03 0.000000e+00 1.742491e-09
6.100000e+00 1.000000e-02 1.914876e-02 0.000000e+00 2.029951e+03 0.000000e+00 1.766807e-09
6.200000e+00 1.000000e-02 1.914876e-02 0.000000e+00 2.029951e+03 0.000000e+00 1.791004e-09
6.300000e+00 1.000000e-02 1.914876e-02 0.000000e+00 2.029951e+03 0.000000e+00 1.815080e-09
6.400000e+00 1.000000e-02 1.914876e-02 0.000000e+00 2.029951e+03 0.000000e+00 1.839035e-09
6.500000e+00 1.000000e-02 1.914876e-02 0.000000e+00 2.029951e+03 0.000000e+00 1.862871e-09
6.600000e+00 1.000000e-02 1.914876e-02 0.000000e+00 2.029951e+03 0.000000e+00 1.886585e-09
6.700000e+00 1.000000e-02 1.914876e-02 0.000000e+00 2.029951e+03 0.000000e+00 1.910178e-09
6.800000e+00 1.000000e-02 1.914876e-02 0.000000e+00 2.029951e+03 0.000000e+00 1.933652e-09
6.900000e+00 1.000000e-02 1.914876e-02 0.000000e+00 2.029951e+03 0.000000e+00 1.957005e-09
7.000000e+00 1.000000e-02 1.914876e-02 0.000000e+00 2.029951e+03 0.000000e+00 1.980237e-09
7.100000e+00 1.000000e-02 1.914876e-02 0.000000e+00 2.029951e+03 0.000000e+00 2.003348e-09
7.200000e+00 1.000000e-02 1.914876e-02 0.000000e+00 2.029951e+03 0.000000e+00 2.026340e-09
7.300000e+00 1.000000e-02 1.914876e-02 0.000000e+00 2.029951e+03 0.000000e+00 2.049212e-09
7.400000e+00 1.000000e-02 1.914876e-02 0.000000e+00 2.029951e+03 0.000000e+00 2.071963e-09
7.500000e+00 1.000000e-02 1.914876e-02 0.000000e+00 2.029951e+03 0.000000e+00 2.094595e-09
7.600000e+00 1.000000e-02 1.914876e-02 0.000000e+00 2.029951e+03 0.000000e+00 2.117108e-09
7.700000e+00 1.000000e-02 1.914876e-02 0.000000e+00 2.029951e+03 0.000000e+00 2.139501e-09
7.800000e+00 1.000000e-02 1.914876e-02 0.000000e+00 2.029951e+03 0.000000e+00 2.161777e-09
7.900000e+00 1.000000e-02 1.914876e-02 0.000000e+00 2.029951e+03 0.000000e+00 2.183934e-09
8.000000e+00 1.000000e-02 1.914876e-02 0.000000e+00 2.029951e+03 0.000000e+00 2.205972e-09
8.100000e+00 1.000000e-02 1.914876e-02 0.000000e+00 2.029951e+03 0.000000e+00 2.227891e-09
8.200000e+00 1.000000e-02 1.914876e-02 0.000000e+00 2.029951e+03 0.000000e+00 2.249693e-09
8.300000e+00 1.000000e-02 1.914876e-02 0.000000e+00 2.029951e+03 0.000000e+00 2.271380e-09
8.400000e+00 1.000000e-02 1.914876e-02 0.000000e+00 2.029951e+03 0.000000e+00 2.292960e-09
8.500000e+00 1.000000e-02 1.914876e-02 0.000000e+00 2.029951e+03 0.000000e+00 2.314435e-09
8.600000e+00 1.000000e-02 1.914876e-02 0.000000e+00 2.029951e+03 0.000000e+00 2.335807e-09
8.700000e+00 1.000000e-02 1.914876e-02 0.000000e+00 2.029951e+03 0.000000e+00 2.357076e-09
8.800000e+00 1.000000e-02 1.914876e-02 0.000000e+00 2.029951e+03 0.000000e+00 2.378240e-09
8.900000e+00 1.000000e-02 1.914876e-02 0.000000e+00 2.029951e+03 0.000000e+00 2.399303e-09
9.000000e+00 1.000000e-02 1.914876e-02 0.000000e+00 2.029951e+03 0.000000e+00 2.420274e-09
9.100000e+00 1.000000e-02 1.914876e-02 0.000000e+00 2.029951e+03 0.000000e+00 2.441153e-09
9.200000e+00 1.000000e-02 1.914876e-02 0.000000e+00 2.029951e+03 0.000000e+00 2.461942e-09
9.300000e+00 1.000000e-02 1.914876e-02 0.000000e+00 2.029951e+03 0.000000e+00 2.482640e-09
9.400000e+00 1.000000e-02 1.914876e-02 0.000000e+00 2.029951e+03 0.000000e+00 2.503246e-09
9.500000e+00 1.000000e-02 1.914876e-02 0.000000e+00 2.029951e+03 0.000000e+00 2.523760e-09
9.600000e+00 1.000000e-02 1.914876e-02 0.000000e+00 2.029951e+03 0.000000e+00 2.544183e-09
9.700000e+00 1.000000e-02 1.914876e-02 0.000000e+00 2.029951e+03 0.000000e+00 2.564514e-09
9.800000e+00 1.000000e-02 1.914876e-02 0.000000e+00 2.029951e+03 0.000000e+00 2.584754e-09
9.900000e+00 1.000000e-02 1.914876e-02 0.000000e+00 2.029951e+03 0.000000e+00 2.604904e-09
1.000000e+01 1.000000e-02 1.914876e-02 0.000000e+00 2.029951e+03 0.000000e+00 2.624963e-09
1.010000e+01 1.000000e-02 1.914876e-02 0.000000e+00 2.029951e+03 0.000000e+00 2.644930e-09
1.020000e+01 1.000000e-02 1.914876e-02 0.000000e+00 2.029951e+03 0.000000e+00 2.664807e-09
1.030000e+01 1.000000e-02 1.914876e-02 0.000000e+00 2.029951e+03 0.000000e+00 2.684592e-09
1.040000e+01 1.000000e-02 1.914876e-02 0.000000e+00 2.029951e+03 0.000000e+00 2.704286e-09
1.050000e+01 1.000000e-02 1.914876e-02 0.000000e+00 2.029951e+03 0.000000e+00 2.723888e-09
1.060000e+01 1.000000e-02 1.914876e-02 0.000000e+00 2.029951e+03 0.000000e+00 2.743399e-09
1.070000e+01 1.000000e-02 1.914876e-02 0.000000e+00 2.029951e+03 0.000000e+00 2.762819e-09
1.080000e+01 1.000000e-02 1.914876e-02 0.000000e+00 2.029951e+03 0.000000e+00 2.782149e-09
1.090000e+01 1.000000e-02 1.914876e-02 0.000000e+00 2.029951e+03 0.000000e+00 2.801390e-09
1.100000e+01 1.000000e-02 1.914876e-02 0.000000e+00 2.029951e+03 0.000000e+00 2.820544e-09
1.110000e+01 1.000000e-02 1.914876e-02 0.000000e+00 2.029951e+03 0.000000e+00 2.839609e-09
1.120000e+01 1.000000e-02 1.914876e-02 0.000000e+00 2.029951e+03 0.000000e+00 2.858584e-09
1.130000e+01 1.000000e-02 1.914876e-02 0.000000e+00 2.029951e+03 0.000000e+00 2.877469e-09
1.140000e+01 1.000000e-02 1.914876e-02 0.000000e+00 2.029951e+03 0.000000e+00 2.896267e-09
1.150000e+01 1.000000e-02 1.914876e-02 0.000000e+00 2.029951e+03 0.000000e+00 2.914975e-09
1.160000e+01 1.000000e-02 1.914876e-02 0.000000e+00 2.029951e+03 0.000000e+00 2.933594e-09
1.170000e+01 1.000000e-02 1.914876e-02 0.000000e+00 2.029951e+03 0.000000e+00 2.952123e-09
1.180000e+01 1.000000e-02 1.914876e-02 0.000000e+00 2.029951e+03 0.000000e+00 2.970563e-09
1.190000e+01 1.000000e-02 1.914876e-02 0.000000e+00 2.029951e+03 0.000000e+00 2.988913e-09
1.200000e+01 1.000000e-02 1.914876e-02 0.000000e+00 2.029951e+03 0.000000e+00 3.007176e-09
1.210000e+01 1.000000e-02 1.914876e-02 0.000000e+00 2.029951e+03 0.000000e+00 3.025360e-09
1.220000e+01 1.000000e-02 1.914876e-02 0.000000e+00 2.029951e+03 0.000000e+00 3.043469e-09
1.230000e+01 1.000000e-02 1.914876e-02 0.000000e+00 2.029951e+03 0.000000e+00 3.061500e-09
